# result.py
# --- Auto-generated Mutual Information Results (bits) ---

import numpy as np

# Relevance: MI(feature, target) in bits
relevance = np.array([0.035142910909805654, 0.03365423149416023, 0.033984856068472825, 2.0819775792071437e-05, 2.0819775792071437e-05, 1.387881564004303e-05, 2.0819775792071437e-05, 2.0819775792071437e-05, 2.0819775792071437e-05, 2.0819775792071437e-05, 0.00018111160368792058, 0.0006070870775801952, 1.4323175820609743e-05, 0.0007491699390844273, 0.013568117461117274, 0.004987492513208676, 0.00499493886465332, 0.00498004806199261, 0.011306948212285641, 0.0038284566626747047, 3.470480230968951e-05, 0.005295256912578799, 0.009376800613245143, 5.339224143521054e-05, 2.0819775792071437e-05, 0.0006915822373293057, 0.0006529115116953097, 2.0819775792071437e-05, 0.0060396409629999885, 0.0007338711674445303, 2.0819775792071437e-05, 0.002807359094522225, 4.164886929330022e-05, 0.0003063623182498788, 0.00023216249523279445, 0.0003436882901672037, 0.02293197436767085, 0.02293197436767085, 0.0003594776642000359, 0.004524859273448079, 0.000917304941674266, 0.005272700126839981, 0.009445579174433838, 0.0011684403471128408, 0.003605778380148522, 0.00010419213949867084, 6.943550257760578e-05, 0.00031676070006479083, 0.003235596645891958, 0.0007287353756976185, 0.0007338711674445303, 0.0013672368456131053, 0.0003851694664122179, 0.009359998042370025, 0.0036500791041846206, 0.001354899601166834, 0.006955941224369953, 2.0819775792071437e-05, 0.0025366419395381158, 0.016073037515714855, 0.0063348974136036695, 2.7761771249050427e-05, 1.5085076372055222e-05, 0.00010302985068129086, 0.002444403262925479, 0.016389384554426054, 4.730362373002562e-06, 0.016115817074657174, 3.470480230968951e-05, 0.005816299557980856, 0.00022001466181167448, 0.001135073631356381, 1.387881564004303e-05, 0.0017152627387105861, 1.387881564004303e-05, 0.0023660384725838397, 0.00010302985068129086, 0.016389384554426054, 0.0021191083705709205, 0.0029895061268757277, 0.0009806669658525952, 0.009773871044104288, 0.0017741564799540878, 0.0013496783647130527, 0.0034376155038671977, 0.040470353456701635, 0.0005756661560561526, 6.248728883532567e-05, 2.0819775792071437e-05, 0.002444403262925479, 0.004277114617124815, 0.00027870820177595913, 9.028636985315874e-05, 0.004211970322028719])

# Redundancy: MI(feature_i, feature_j) as n x n matrix in bits
redundancy = np.array([[1.2849284252396593, 0.6812879464634489, 0.8945615905345463, 0.0009650141834713701, 0.0009650141834713701, 0.0008697156037065435, 0.0013048906545301618, 0.0013048906545301618, 0.0003321309048586493, 0.0009650141834713701, 0.008642734980652494, 0.006355802894032643, 0.0019090827030490455, 0.0015558489176305857, 0.11763933538837472, 0.06516170924462746, 0.06507015730397185, 0.06492896622279465, 0.32300484954940956, 0.12759275621108396, 0.0003402839154881276, 0.1977595141784962, 0.26189295203232, 0.0001850554945981717, 0.0002861349646510346, 0.0048512207205854705, 0.005259622978271215, 0.0009650141834713701, 0.094406025631288, 0.0008697156037065435, 0.0009206001984649777, 0.018789651145181507, 0.0007503295614020735, 0.0009505805589490598, 0.0005724291049872483, 0.0006563287402113246, 0.042079842758475025, 0.042079842758475025, 0.0010065272250835862, 0.004793941332504921, 0.002134911387685358, 0.19731214907418318, 0.2786000241810362, 0.0013048906545301618, 0.022331892778860083, 0.0009770434342913205, 0.00047427064393206056, 0.00805672636128149, 0.0035222435622739596, 0.0010067542053297084, 0.0005300817587150331, 0.025129817007993292, 0.0004282816067462656, 0.02900830892098736, 0.023372561007233023, 0.006208497385785739, 0.04548081482303142, 0.0003321309048586493, 0.0028904776447315453, 0.02634941783591708, 0.09060641403687181, 0.0003167923143019181, 0.0008759818200755117, 0.004869144736768275, 0.0021758766241628223, 0.019788029030658273, 0.00026521803089018706, 0.08411110206392844, 0.0013229062005076185, 0.045645574637693906, 0.0007463929246957423, 0.006967866611528918, 0.0008697156037065435, 0.009144427997800476, 0.0005300817587150331, 0.0012894067701714677, 0.004869144736768275, 0.019788029030658273, 0.0018670803829347587, 0.037690416304133674, 0.009136648965467498, 0.14367126973857836, 0.023233465899975134, 0.0010962796406241827, 0.003483949377885676, 0.35243799950381405, 0.002888225125675504, 0.0004321916775722754, 0.0009650141834713701, 0.0021758766241628223, 0.007073786328356274, 0.00047698002757159014, 0.001241068795092877, 0.004823609230386706], [0.6812879464634489, 1.2101288155093706, 0.7471200898757188, 0.0010549032973109118, 0.0010549032973109118, 0.0005698611020882037, 0.0007616051597540861, 0.0007616051597540861, 0.00025533092127339395, 0.0003616422341174946, 0.01022585809662251, 0.005195410755380525, 0.001630738566108642, 0.0016776988967974488, 0.0972944515582255, 0.07113143532832882, 0.07101759467815541, 0.07088072010548319, 0.3739717294934418, 0.09962985547081757, 0.0003492522912849171, 0.19718614869020376, 0.3025589799104784, 0.00026002923335553406, 0.0001878860985913587, 0.004125960181225285, 0.004550761672452634, 0.0010549032973109118, 0.10781048617289267, 0.0009698704246288047, 0.0009334352108487591, 0.01584857270813548, 0.0006066804602994797, 0.0009788269463441017, 0.0005108002362889872, 0.0003360333213807655, 0.0436832246031906, 0.04368322460319058, 0.00037512936062204354, 0.0053480244935315965, 0.0024258901613841023, 0.196731215811411, 0.32006237567054563, 0.0014552201343264821, 0.030387480756556683, 0.0010040319366233757, 0.00046096123150163673, 0.00727712555583755, 0.019074131238470807, 0.001138998527565259, 0.0005698611020882037, 0.027799601275505553, 0.00046979187774443703, 0.04258486358479457, 0.03571203112460679, 0.016861823033641973, 0.045560132115272496, 0.0003616422341174946, 0.0015649640013341642, 0.02173339393111373, 0.07342663842070445, 0.000340471975025707, 0.00039362693127492084, 0.008865186841902184, 0.002426750763831165, 0.017199513452763805, 0.0008037930783521295, 0.09173830995464027, 0.0015562459565634712, 0.05494744302869148, 0.0015614491759527356, 0.008703735115645523, 0.0005698611020882037, 0.00785005575005807, 0.0005698611020882037, 0.011723880042913299, 0.008865186841902184, 0.017199513452763805, 0.0021076888155163397, 0.03919095626930918, 0.008571469022144809, 0.10460898418361925, 0.024270438902732117, 0.0020544459367497717, 0.0038861314185732096, 0.3209631286666342, 0.0027118893536361845, 0.0003542770002661568, 0.0010549032973109118, 0.002426750763831165, 0.007528075065027133, 0.0004256284114852161, 0.001107434357583257, 0.004580781838298922], [0.8945615905345463, 0.7471200898757188, 1.22310331592182, 0.0010946040657924955, 0.0010946040657924955, 0.0005922812556988201, 0.00038922918626325064, 0.00038922918626325064, 0.00027083131738843603, 0.00038922918626325064, 0.009871994175669632, 0.0054559439804966895, 0.0016903200482093696, 0.0017073839436968848, 0.08328059173420353, 0.06067203153238131, 0.060564441604133636, 0.060451953661145266, 0.3237334534330564, 0.12605463446076112, 0.0004514681437058212, 0.18215138208076936, 0.245734707393717, 0.00018722459821807078, 0.00027083131738843603, 0.004360594993657125, 0.004802969649582789, 0.0010946040657924955, 0.09768087669397095, 0.0010044055414644433, 0.0008702393412488517, 0.021701956727540363, 0.0008529389933334783, 0.0010495457272222178, 0.0005418113597013274, 0.0007808174069515422, 0.043396754423219955, 0.04339675442321994, 0.000569131351075707, 0.005539273413401663, 0.0018855090931345258, 0.18177364272454696, 0.25864212601971276, 0.0015070620581385753, 0.02098698704947969, 0.0013702720220425295, 0.0004722816199558422, 0.007428862339902491, 0.0031499363684346967, 0.0016700399247897158, 0.00018053769478422013, 0.021437953193625788, 0.0004952715805402911, 0.029074810970247705, 0.02221388134793739, 0.006282514832140429, 0.04945220764049605, 0.00038922918626325064, 0.002347816946461128, 0.02921926253597506, 0.08911412646730285, 0.0003687882194620428, 0.0006588578130881657, 0.005524713908417914, 0.0025132851965270295, 0.01893840356973534, 0.0004627203457816236, 0.08567333915795862, 0.0012506381234363567, 0.05577277969345829, 0.0011894796639323917, 0.0065622271805646955, 0.0005922812556988201, 0.010094289275382529, 0.0005922812556988201, 0.0020694737868737216, 0.005524713908417914, 0.01893840356973534, 0.0021993888998570687, 0.039266818158156, 0.008203322475083543, 0.1470402860803949, 0.024766918891705094, 0.0010519361578916289, 0.0040249030563243695, 0.295763624830263, 0.003551085537675041, 0.0003745818620154631, 0.0010946040657924955, 0.0025132851965270295, 0.007604816156446041, 0.0004514681437058212, 0.001174677432309771, 0.004716470603120853], [0.0009650141834713701, 0.0010549032973109118, 0.0010946040657924955, 0.005944151096517886, 0.005944151096517886, 1.8622744114169316e-07, 2.793616514597584e-07, 2.793616514597584e-07, 0.002079304938016051, 2.793616514597584e-07, 0.00021684779301995574, 0.0002771390431133254, 0.0014947002054385256, 1.516893566838922e-05, 0.00033771258143043244, 8.857560185228406e-05, 8.868265357529073e-05, 8.846856818458783e-05, 0.00016612958276904138, 0.0001579575002566146, 0.0016035364093043899, 9.297959588282794e-05, 0.00012560118916195474, 1.4913516820314303e-06, 2.793616514597584e-07, 1.58467761863376e-06, 1.6780172741659906e-06, 2.793616514597584e-07, 0.0003370044420920637, 1.8622744114169316e-07, 2.793616514597584e-07, 4.22461963536522e-05, 0.001256842695697558, 8.384541048880713e-07, 5.588463186814264e-07, 3.7250953445856765e-07, 0.00042755164909709956, 0.00042755164909709956, 1.398039471218527e-06, 1.0249277499332798e-06, 6.520352264247929e-07, 9.265631421323936e-05, 0.00014075915536386136, 2.793616514597584e-07, 0.0002974877981549178, 0.0014158293731118357, 9.316840796191488e-07, 0.0002380289480364004, 0.00010144324023020907, 4.945149184353561e-05, 1.8622744114169316e-07, 3.3745714066690065e-05, 9.316840796210257e-07, 0.00012322336638288182, 0.0002946963672046831, 0.0006753402863965744, 0.00021684779302051633, 2.793616514597584e-07, 3.454083761148878e-06, 0.0004042957793363581, 0.00012119110958786557, 3.7250953445856765e-07, 5.798610893461416e-06, 0.00037987432021854877, 4.656710882625209e-07, 3.729021221129978e-05, 6.080537015030873e-06, 3.1589336017264135e-05, 4.656710882625209e-07, 9.039794127690936e-05, 0.00010670829487768266, 0.00022608585549515825, 1.8622744114169316e-07, 0.00030224927940055145, 0.0020792428531025507, 0.00014110434073774983, 0.00037987432021854877, 3.729021221129978e-05, 5.588463186817392e-07, 0.0008032112366514998, 0.002211963522989179, 0.00036039251075992374, 9.948005041669255e-05, 3.2668951846805625e-06, 7.452378198815936e-07, 0.0007245174605749161, 1.6780172741666163e-06, 8.384541048890098e-07, 0.005944151096517886, 4.656710882625209e-07, 2.144921563930332e-06, 4.656710882625209e-07, 1.2114561931094767e-06, 0.001431367037372514], [0.0009650141834713701, 0.0010549032973109118, 0.0010946040657924955, 0.005944151096517886, 0.005944151096517886, 1.8622744114169316e-07, 2.793616514597584e-07, 2.793616514597584e-07, 0.002079304938016051, 2.793616514597584e-07, 0.00021684779301995574, 0.0002771390431133254, 0.0014947002054385256, 1.516893566838922e-05, 0.00033771258143043244, 8.857560185228406e-05, 8.868265357529073e-05, 8.846856818458783e-05, 0.00016612958276904138, 0.0001579575002566146, 0.0016035364093043899, 9.297959588282794e-05, 0.00012560118916195474, 1.4913516820314303e-06, 2.793616514597584e-07, 1.58467761863376e-06, 1.6780172741659906e-06, 2.793616514597584e-07, 0.0003370044420920637, 1.8622744114169316e-07, 2.793616514597584e-07, 4.22461963536522e-05, 0.001256842695697558, 8.384541048880713e-07, 5.588463186814264e-07, 3.7250953445856765e-07, 0.00042755164909709956, 0.00042755164909709956, 1.398039471218527e-06, 1.0249277499332798e-06, 6.520352264247929e-07, 9.265631421323936e-05, 0.00014075915536386136, 2.793616514597584e-07, 0.0002974877981549178, 0.0014158293731118357, 9.316840796191488e-07, 0.0002380289480364004, 0.00010144324023020907, 4.945149184353561e-05, 1.8622744114169316e-07, 3.3745714066690065e-05, 9.316840796210257e-07, 0.00012322336638288182, 0.0002946963672046831, 0.0006753402863965744, 0.00021684779302051633, 2.793616514597584e-07, 3.454083761148878e-06, 0.0004042957793363581, 0.00012119110958786557, 3.7250953445856765e-07, 5.798610893461416e-06, 0.00037987432021854877, 4.656710882625209e-07, 3.729021221129978e-05, 6.080537015030873e-06, 3.1589336017264135e-05, 4.656710882625209e-07, 9.039794127690936e-05, 0.00010670829487768266, 0.00022608585549515825, 1.8622744114169316e-07, 0.00030224927940055145, 0.0020792428531025507, 0.00014110434073774983, 0.00037987432021854877, 3.729021221129978e-05, 5.588463186817392e-07, 0.0008032112366514998, 0.002211963522989179, 0.00036039251075992374, 9.948005041669255e-05, 3.2668951846805625e-06, 7.452378198815936e-07, 0.0007245174605749161, 1.6780172741666163e-06, 8.384541048890098e-07, 0.005944151096517886, 4.656710882625209e-07, 2.144921563930332e-06, 4.656710882625209e-07, 1.2114561931094767e-06, 0.001431367037372514], [0.0008697156037065435, 0.0005698611020882037, 0.0005922812556988201, 1.8622744114169316e-07, 1.8622744114169316e-07, 0.004158330523497243, 0.003865032385942979, 0.003865032385942979, 0.001785944715545725, 0.003865032385942979, 0.0001445525557732139, 0.00018474237033423347, 2.1777699721477874e-06, 1.0111873142375783e-05, 0.00022511991983133255, 5.904575344491397e-05, 5.911711524330247e-05, 5.897440368349254e-05, 0.0001107437697843213, 0.00010529623059340355, 3.104246132767344e-07, 6.19815010166521e-05, 8.372733485303539e-05, 9.941614464388309e-07, 1.8622744114169316e-07, 1.056374163769603e-06, 1.1185960276357235e-06, 1.8622744114169316e-07, 0.0006647628554930871, 1.2414252252009844e-07, 1.8622744114169316e-07, 2.816199492385809e-05, 3.7253687538249654e-07, 5.589283791394612e-07, 3.7253687538249654e-07, 2.483214712422325e-07, 0.000294267749170405, 0.000294267749170405, 9.319578802189265e-07, 6.832350111793769e-07, 4.346582529056348e-07, 6.176599819965653e-05, 9.383173141743354e-05, 1.8622744114169316e-07, 0.00019830664231364455, 9.319578802176751e-07, 6.210771313698517e-07, 0.0001586718436897939, 6.762344823766138e-05, 3.296514654626996e-05, 1.2414252252009844e-07, 2.2495448021742414e-05, 6.21077131369226e-07, 0.0002379920843540471, 0.00040468743732897337, 0.0004784248419743136, 0.00014455255577381455, 1.8622744114169316e-07, 2.30255315731692e-06, 0.0003146669487490789, 8.078754371731811e-05, 2.483214712422325e-07, 3.865455765845596e-06, 0.000524166952284112, 3.104246132767344e-07, 2.4858263496369897e-05, 4.053392600458266e-06, 2.105797366201999e-05, 3.104246132767344e-07, 6.0260543797469066e-05, 7.113318135454038e-05, 0.00015071062375807945, 0.004158330523497243, 0.0002330113641600513, 0.0020792118129197732, 0.0003053850748789792, 0.000524166952284112, 2.4858263496369897e-05, 3.725368753812452e-07, 0.0005705760920512966, 9.413255723348321e-06, 0.0002185155974918305, 6.631476748409001e-05, 0.0016043458252475897, 4.967887514405705e-07, 0.0006744281400166926, 1.1185960276344722e-06, 5.589283791394612e-07, 1.8622744114169316e-07, 3.104246132767344e-07, 1.429842653536402e-06, 3.104246132767344e-07, 8.075781683316577e-07, 4.715526759540097e-05], [0.0013048906545301618, 0.0007616051597540861, 0.00038922918626325064, 2.793616514597584e-07, 2.793616514597584e-07, 0.003865032385942979, 0.005944151096517886, 0.005944151096517886, 0.0014927086629023976, 0.0038650634261206333, 0.00021684779301995574, 0.0002771390431133254, 3.266895184669926e-06, 1.516893566838922e-05, 0.00033771258143043244, 8.857560185228406e-05, 8.868265357529073e-05, 8.846856818458783e-05, 0.00016612958276904138, 0.0001579575002566146, 0.0016035364093043899, 9.297959588282794e-05, 0.00012560118916195474, 1.4913516820314303e-06, 2.793616514597584e-07, 0.0013028778233680365, 0.001288824919766162, 2.793616514597584e-07, 0.0009973218000087925, 1.8622744114169316e-07, 2.793616514597584e-07, 4.22461963536522e-05, 5.588463186814264e-07, 8.384541048880713e-07, 5.588463186814264e-07, 3.7250953445856765e-07, 0.0001619850531525605, 0.0001619850531525605, 1.398039471218527e-06, 1.0249277499332798e-06, 6.520352264247929e-07, 9.265631421323936e-05, 0.00014075915536386136, 2.793616514597584e-07, 0.0002974877981549178, 1.398039471214773e-06, 9.316840796191488e-07, 0.0005669809228658408, 0.00010144324023020907, 4.945149184353561e-05, 0.0020792428531025507, 3.3745714066690065e-05, 9.316840796210257e-07, 0.0003570232765988573, 0.0006071057634578114, 0.0007177349421463098, 0.00021684779302051633, 2.793616514597584e-07, 3.454083761148878e-06, 0.00011099764177953157, 0.00012119110958786557, 3.7250953445856765e-07, 0.0010990508880394541, 0.000606182781711228, 4.656710882625209e-07, 3.729021221129978e-05, 6.080537015030873e-06, 3.1589336017264135e-05, 4.656710882625209e-07, 9.039794127690936e-05, 0.00010670829487768266, 0.00022608585549515825, 0.003865032385942979, 0.0003495512400903676, 0.001785944715545725, 0.0004581268712049313, 0.000606182781711228, 3.729021221129978e-05, 5.588463186817392e-07, 0.0003222385279411391, 1.4120930883684477e-05, 0.0003278048703513852, 9.948005041669255e-05, 0.0013121056171064445, 7.452378198815936e-07, 0.0010118249063098977, 1.6780172741666163e-06, 8.384541048890098e-07, 2.793616514597584e-07, 4.656710882625209e-07, 2.144921563930332e-06, 4.656710882625209e-07, 1.2114561931094767e-06, 7.073838982626315e-05], [0.0013048906545301618, 0.0007616051597540861, 0.00038922918626325064, 2.793616514597584e-07, 2.793616514597584e-07, 0.003865032385942979, 0.005944151096517886, 0.005944151096517886, 0.0014927086629023976, 0.0038650634261206333, 0.00021684779301995574, 0.0002771390431133254, 3.266895184669926e-06, 1.516893566838922e-05, 0.00033771258143043244, 8.857560185228406e-05, 8.868265357529073e-05, 8.846856818458783e-05, 0.00016612958276904138, 0.0001579575002566146, 0.0016035364093043899, 9.297959588282794e-05, 0.00012560118916195474, 1.4913516820314303e-06, 2.793616514597584e-07, 0.0013028778233680365, 0.001288824919766162, 2.793616514597584e-07, 0.0009973218000087925, 1.8622744114169316e-07, 2.793616514597584e-07, 4.22461963536522e-05, 5.588463186814264e-07, 8.384541048880713e-07, 5.588463186814264e-07, 3.7250953445856765e-07, 0.0001619850531525605, 0.0001619850531525605, 1.398039471218527e-06, 1.0249277499332798e-06, 6.520352264247929e-07, 9.265631421323936e-05, 0.00014075915536386136, 2.793616514597584e-07, 0.0002974877981549178, 1.398039471214773e-06, 9.316840796191488e-07, 0.0005669809228658408, 0.00010144324023020907, 4.945149184353561e-05, 0.0020792428531025507, 3.3745714066690065e-05, 9.316840796210257e-07, 0.0003570232765988573, 0.0006071057634578114, 0.0007177349421463098, 0.00021684779302051633, 2.793616514597584e-07, 3.454083761148878e-06, 0.00011099764177953157, 0.00012119110958786557, 3.7250953445856765e-07, 0.0010990508880394541, 0.000606182781711228, 4.656710882625209e-07, 3.729021221129978e-05, 6.080537015030873e-06, 3.1589336017264135e-05, 4.656710882625209e-07, 9.039794127690936e-05, 0.00010670829487768266, 0.00022608585549515825, 0.003865032385942979, 0.0003495512400903676, 0.001785944715545725, 0.0004581268712049313, 0.000606182781711228, 3.729021221129978e-05, 5.588463186817392e-07, 0.0003222385279411391, 1.4120930883684477e-05, 0.0003278048703513852, 9.948005041669255e-05, 0.0013121056171064445, 7.452378198815936e-07, 0.0010118249063098977, 1.6780172741666163e-06, 8.384541048890098e-07, 2.793616514597584e-07, 4.656710882625209e-07, 2.144921563930332e-06, 4.656710882625209e-07, 1.2114561931094767e-06, 7.073838982626315e-05], [0.0003321309048586493, 0.00025533092127339395, 0.00027083131738843603, 0.002079304938016051, 0.002079304938016051, 0.001785944715545725, 0.0014927086629023974, 0.0014927086629023974, 0.005944151096517886, 0.0035717652885638067, 0.00021684779301995574, 0.0002771390431133254, 3.266895184669926e-06, 1.516893566838922e-05, 0.00033771258143043244, 8.857560185228406e-05, 8.868265357529073e-05, 8.846856818458783e-05, 0.00016612958276904138, 0.0001579575002566146, 0.0029852311074828157, 9.297959588282794e-05, 0.00012560118916195474, 1.4913516820314303e-06, 2.793616514597584e-07, 1.58467761863376e-06, 1.6780172741659906e-06, 2.793616514597584e-07, 0.0008975378245336831, 1.8622744114169316e-07, 2.793616514597584e-07, 4.22461963536522e-05, 5.588463186814264e-07, 8.384541048880713e-07, 5.588463186814264e-07, 3.7250953445856765e-07, 0.00042755164909709956, 0.00042755164909709956, 1.398039471218527e-06, 1.0249277499332798e-06, 6.520352264247929e-07, 9.265631421323936e-05, 0.00014075915536386136, 2.793616514597584e-07, 0.0002974877981549178, 0.0026292638716953034, 9.316840796191488e-07, 0.0002380289480364004, 0.00010144324023020907, 4.945149184353561e-05, 1.8622744114169316e-07, 3.3745714066690065e-05, 9.316840796210257e-07, 0.0003570232765988573, 0.0002946963672046831, 0.00033982239955141153, 0.00016304480055887515, 2.793616514597584e-07, 3.454083761148878e-06, 0.0004042957793363581, 0.00012119110958786557, 3.7250953445856765e-07, 5.798610893461416e-06, 0.00037987432021854877, 4.656710882625209e-07, 3.729021221129978e-05, 6.080537015030873e-06, 3.1589336017264135e-05, 4.656710882625209e-07, 9.039794127690936e-05, 0.00010670829487768266, 0.00022608585549515825, 0.001785944715545725, 0.0003495512400903676, 0.0020792428531025507, 0.00014110434073774983, 0.00037987432021854877, 3.729021221129978e-05, 5.588463186817392e-07, 0.0007480616239974816, 1.4120930883684477e-05, 0.0003278048703513852, 0.0001817537717732931, 3.2668951846805625e-06, 7.452378198815936e-07, 0.00014410407827878213, 1.6780172741666163e-06, 8.384541048890098e-07, 0.002079304938016051, 4.656710882625209e-07, 2.144921563930332e-06, 4.656710882625209e-07, 1.2114561931094767e-06, 7.073838982626315e-05], [0.0009650141834713701, 0.0003616422341174946, 0.00038922918626325064, 2.793616514597584e-07, 2.793616514597584e-07, 0.003865032385942979, 0.0038650634261206333, 0.0038650634261206333, 0.0035717652885638067, 0.005944151096517886, 0.00021684779301995574, 0.0002771390431133254, 3.266895184669926e-06, 1.516893566838922e-05, 0.00033771258143043244, 8.857560185228406e-05, 8.868265357529073e-05, 8.846856818458783e-05, 0.00016612958276904138, 0.0001579575002566146, 0.0016035364093043899, 9.297959588282794e-05, 0.00012560118916195474, 1.4913516820314303e-06, 2.793616514597584e-07, 1.58467761863376e-06, 1.6780172741659906e-06, 2.793616514597584e-07, 0.0009973218000087925, 1.8622744114169316e-07, 2.793616514597584e-07, 4.22461963536522e-05, 5.588463186814264e-07, 8.384541048880713e-07, 5.588463186814264e-07, 3.7250953445856765e-07, 0.00013425351154027306, 0.00013425351154027306, 1.398039471218527e-06, 1.0249277499332798e-06, 6.520352264247929e-07, 9.265631421323936e-05, 0.00014075915536386136, 2.793616514597584e-07, 0.0002974877981549178, 0.0015080995715413261, 9.316840796191488e-07, 0.0002380289480364004, 0.00010144324023020907, 4.945149184353561e-05, 1.8622744114169316e-07, 3.3745714066690065e-05, 9.316840796210257e-07, 0.0003570232765988573, 0.0005974711351159663, 0.0006753402863965744, 0.00045634293811570165, 2.793616514597584e-07, 3.454083761148878e-06, 0.00011099764177953157, 0.00012119110958786557, 3.7250953445856765e-07, 5.798610893461416e-06, 0.00037987432021854877, 4.656710882625209e-07, 3.729021221129978e-05, 6.080537015030873e-06, 3.1589336017264135e-05, 4.656710882625209e-07, 9.039794127690936e-05, 0.00010670829487768266, 0.00022608585549515825, 0.003865032385942979, 0.0003495512400903676, 0.001785944715545725, 0.00044620253646554005, 0.00037987432021854877, 3.729021221129978e-05, 5.588463186817392e-07, 0.0007480616239974809, 1.4120930883684477e-05, 0.0003278048703513852, 0.0004750519093301193, 0.0013121056171064445, 7.452378198815936e-07, 0.0007245174605749161, 1.6780172741666163e-06, 8.384541048890098e-07, 2.793616514597584e-07, 4.656710882625209e-07, 2.144921563930332e-06, 4.656710882625209e-07, 1.2114561931094767e-06, 7.073838982626315e-05], [0.008642734980652494, 0.01022585809662251, 0.009871994175669632, 0.00021684779301995574, 0.00021684779301995574, 0.0001445525557732139, 0.00021684779301995574, 0.00021684779301995574, 0.00021684779301995574, 0.00021684779301995574, 1.155847023696232, 0.03961444141648502, 0.0003473074911302018, 0.0005706132678317454, 0.006200759458044474, 0.006251431985469135, 0.0062979161205519805, 0.006229176210512796, 0.003990604147160632, 0.0008771015621930847, 0.0003614762085590291, 0.0030389211323688923, 0.005230172334702904, 7.90875173001667e-05, 0.00027809886901062914, 0.00023201547709501494, 0.0002588386262318733, 0.00021684779301995574, 0.00016864175938754119, 0.0001445525557732139, 0.00021684779301995574, 0.0019131519440703495, 0.0004338093957831532, 0.000701803078048525, 0.00034729023969444966, 0.00028915567579358156, 0.020756162543373206, 0.02075616254337321, 0.00016622198594868834, 3.8230234113763835e-05, 0.0006088052129846996, 0.0031130186869417643, 0.0057721935508314864, 0.0005645074605155653, 0.050927346764089165, 0.0010853782704130413, 0.00033890666032634215, 0.027599817806412134, 0.005843510487391314, 0.03248323420344825, 0.0001445525557732139, 0.0046448796004139896, 0.00043594269083485886, 0.004191976756959688, 0.0031523424984105106, 0.004124149938112156, 0.010471539504796429, 0.00021684779301995574, 0.0005274079489962712, 0.01685399634865697, 0.007727078244884502, 0.00020546803888662682, 0.0007147710258918938, 0.00026908445776227833, 0.0007159380416666489, 0.0058970229665910034, 0.0001204685604597384, 0.00698860611057596, 0.001125038620335684, 0.048515382763751655, 0.03567449851488933, 0.03171760289195871, 0.0001445525557732139, 0.004440167855280003, 0.0001445525557732139, 0.0034978528465641335, 0.00026908445776227833, 0.0058970229665910034, 0.00041119805594056944, 0.003848284237044398, 0.0029402908940829517, 0.002538828566977785, 0.00022298413362225006, 0.0010733679939328063, 7.943795534988679e-06, 0.006674427947737226, 0.0009477192373832161, 0.0008788004893567465, 0.00021684779301995574, 0.00024004531577773107, 0.0003295444269047166, 0.0008390973286467252, 0.0007633607401724497, 0.008899424122612538], [0.006355802894032643, 0.005195410755380525, 0.0054559439804966895, 0.0002771390431133254, 0.0002771390431133254, 0.00018474237033423347, 0.0002771390431133254, 0.0002771390431133254, 0.0002771390431133254, 0.0002771390431133254, 0.03961444141648502, 1.2719485242433315, 0.0006506425645107364, 0.00011174655011107171, 0.006769208698921417, 0.0034806454949134987, 0.0034468801469085364, 0.0035146156250595354, 0.004828439281956626, 0.00385569737160437, 0.00046198339565358933, 0.0021108750471598996, 0.003869256421861891, 0.00018012414145353935, 0.00020706280160747375, 0.00045145072113126353, 0.00041657484974093984, 0.0005003609391643002, 0.0021787146065264835, 0.00018474237033423347, 0.0006667837334188068, 0.004573772480871231, 0.0005544310881261979, 0.0008318763067621395, 0.00033680824230439217, 0.00036955271609774695, 0.0016935422679072833, 0.0016935422679072833, 0.0013872269532177186, 0.0004664702126650949, 0.00028513784784300016, 0.0020494249522403315, 0.004381557292190314, 0.0010651917009356414, 0.006349428052518321, 0.0013872269532177175, 0.0009243921146127631, 0.0013953528296762213, 0.0015941377246490402, 0.003453039672591576, 0.00018474237033423347, 0.007057027803230607, 0.0009243921146127624, 0.0011920712806058502, 0.012556052595545006, 0.01094455197528429, 0.0048611169822275, 0.0002771390431133254, 0.002240153889238735, 0.0023769265341316, 0.0025190424070020705, 0.00036955271609774695, 0.0007127180896336954, 0.0013043044885612993, 0.00020921647412240713, 0.0037449265595052733, 0.0005012729226157102, 0.0022868985147088874, 0.0003218247909291557, 0.011447616602827919, 0.006251300452001212, 0.00916397753950851, 0.00018474237033423347, 0.00420791792132315, 0.00018474237033423347, 0.001937782239017909, 0.0013043044885612993, 0.0037449265595052733, 0.00037350714348444, 0.0007475139321749942, 0.0036140811393362677, 0.007467436932980115, 0.0001970453474745763, 0.0025298742313932584, 0.00044275824866117554, 0.0032236015697727147, 0.0004468950475719043, 0.0004171040413706991, 0.0002771390431133254, 0.00020921647412240713, 0.000733398165074151, 0.00020921647412240713, 0.0005075162654940136, 0.0057743181670713226], [0.0019090827030490455, 0.001630738566108642, 0.0016903200482093696, 0.0014947002054385256, 0.0014947002054385256, 2.1777699721477874e-06, 3.266895184669926e-06, 3.266895184669926e-06, 3.266895184669926e-06, 3.266895184669926e-06, 0.0003473074911302018, 0.0006506425645107364, 0.04804759760828718, 0.00017739265105916224, 0.0014429762713731524, 7.363164007602776e-05, 7.350928927110526e-05, 7.37555244066969e-05, 0.00033330192927896485, 0.0018580936386703645, 0.0017959568996063744, 0.00021734308120530265, 0.00011642239796114153, 1.7440119531983787e-05, 3.266895184669926e-06, 1.853149202564682e-05, 1.9623025395984823e-05, 3.266895184669926e-06, 0.00037628752286600315, 2.1777699721477874e-06, 3.266895184669926e-06, 0.0007675714253237252, 0.004195715063510105, 9.805012586018408e-06, 6.535232288429684e-06, 0.0030102332335136656, 0.004681350893693378, 0.004681350893693378, 0.001178678750854831, 1.1985668521575332e-05, 7.6249986389258445e-06, 0.000219143459421624, 0.00021156862032121394, 3.266895184669926e-06, 0.001469164549538548, 0.00048169538853769456, 1.089526028217912e-05, 0.00033156376304456514, 0.0008507577786767294, 0.0005783470408317542, 2.1777699721477874e-06, 0.001115270506957446, 1.089526028218037e-05, 0.003094307506033904, 0.00014990828399130546, 0.0005442908490108809, 0.0031152692041733735, 3.266895184669926e-06, 4.039278894918919e-05, 0.0031473048092552267, 0.02667924277178593, 4.3561806095064115e-06, 0.00021197094865447517, 0.0014022445373903434, 5.4456262972523e-06, 0.0004361076533294033, 0.00028636657010341286, 3.260148418898026e-05, 5.4456262972523e-06, 0.00022376655854249955, 0.0008066997053241783, 0.0014498532930178473, 2.1777699721477874e-06, 0.0025778254345658405, 2.1777699721477874e-06, 0.00029691933080181203, 0.0014022445373903434, 0.0004361076533294033, 6.535232288429997e-06, 0.0034198295483600424, 0.011020441374210127, 0.00605055329013789, 0.0016691921565484648, 3.820375265577877e-05, 8.71492538948968e-06, 0.0007302588814649801, 1.9623025395982946e-05, 9.805012586019346e-06, 0.0014947002054385256, 5.4456262972523e-06, 2.5083107043006373e-05, 5.4456262972523e-06, 1.416696682270405e-05, 0.017027314060719764], [0.0015558489176305857, 0.0016776988967974488, 0.0017073839436968848, 1.516893566838922e-05, 1.516893566838922e-05, 1.0111873142375783e-05, 1.516893566838922e-05, 1.516893566838922e-05, 1.516893566838922e-05, 1.516893566838922e-05, 0.0005706132678317454, 0.00011174655011107171, 0.00017739265105916224, 0.18431356154766296, 0.0005892824137490323, 0.0016603677014846168, 0.0016572147252881069, 0.0016635303916974638, 0.0024763453641001207, 0.00036648120724272433, 2.5285313750720882e-05, 0.0004904431841702642, 0.0019007892404536493, 8.097916485362279e-05, 1.516893566838922e-05, 8.604676079575382e-05, 9.111511080760456e-05, 1.516893566838922e-05, 0.0009392917959362286, 0.0009102896697957494, 1.516893566838922e-05, 0.00023347146023597318, 3.0344629745792164e-05, 4.5527088264313494e-05, 3.0344629745792164e-05, 2.0226749128974506e-05, 0.002984659210640153, 0.002984659210640153, 7.591232275060603e-05, 0.0007564166826902299, 3.540469735423699e-05, 0.0005457733198397597, 0.0020233085073238627, 0.0006220168084265951, 6.513406667837371e-05, 7.591232275060352e-05, 0.0004987143134611822, 0.0009763087290641063, 0.0012523151267619002, 0.0015514591621827564, 1.0111873142375783e-05, 0.0002877061378884985, 0.00034313495012738246, 0.0019488626561276353, 0.002149212608858707, 0.001211587535531601, 0.0016374455922572148, 0.0006220168084265951, 0.00018755733278209464, 0.0018380801852417215, 0.0016051895868940738, 2.0226749128974506e-05, 0.00033553711514165485, 0.0006603497657288733, 2.5285313750720882e-05, 0.000475186502385593, 0.00031871169557013643, 0.00011207007555914042, 2.5285313750720882e-05, 0.0004931618079654433, 0.00036811822728083994, 0.0007032546841186308, 1.0111873142375783e-05, 0.0008054394297740056, 1.0111873142375783e-05, 0.0017691686852385963, 0.0006603497657288733, 0.000475186502385593, 0.0005263935655923143, 0.0009162706733767514, 0.0004602515258077063, 0.00041124160288252105, 0.00024016978302852663, 0.0006006262428242195, 0.0003027467683901158, 0.0012838217911156817, 9.11151108076058e-05, 4.552708826431475e-05, 1.516893566838922e-05, 2.5285313750720882e-05, 0.0005400847323891291, 2.5285313750720882e-05, 6.578089917490406e-05, 0.000875369659342582], [0.11763933538837472, 0.0972944515582255, 0.08328059173420353, 0.00033771258143043244, 0.00033771258143043244, 0.00022511991983133255, 0.00033771258143043244, 0.00033771258143043244, 0.00033771258143043244, 0.00033771258143043244, 0.006200759458044474, 0.006769208698921417, 0.0014429762713731524, 0.0005892824137490323, 1.1071272469655478, 0.00468164652104674, 0.004735552286943907, 0.0047175864006332715, 0.02600072827384744, 0.010068635237144937, 0.0005629633512278224, 0.021203404976485183, 0.030861901927182408, 0.0008166172412941434, 0.00013143090702639337, 0.001916304115811178, 0.0020292248780032223, 0.00042472904458321987, 0.013674714186112108, 0.00022511991983133255, 0.00021857995722488299, 0.002883763682041326, 0.00023312892756276863, 0.0010137269196573019, 0.0006756214767328828, 0.0005372906659970052, 0.00029396974879314103, 0.00029396974879314103, 0.0006545043705523054, 0.0012392398570178801, 0.000788301440863088, 0.021198461101759263, 0.03691801287390385, 0.00033771258143043244, 0.033049896303798856, 0.0008156993614453197, 0.0006748641520054966, 0.003439065722706823, 0.023401596656640874, 0.008663430600635284, 0.00022511991983133255, 0.0022823910877997405, 0.000145649287208037, 0.003836311372522014, 0.0207514157075726, 0.013674837705304263, 0.0022865105948609477, 0.00013143090702639337, 0.0019028594236243203, 0.0009723221782585319, 0.004507335782193848, 0.0004503270556760472, 0.0002472289132335605, 0.008508759106618358, 0.0005629633512278224, 0.0022002176276944433, 0.0008647771437092454, 0.030679703590240113, 0.0005629633512278224, 0.012919576481284452, 0.003994173453279956, 0.0019844508521254006, 0.00022511991983133255, 0.0023757973958516147, 0.00022511991983133255, 0.0029656031542776374, 0.008508759106618358, 0.0022002176276944433, 0.0006756214767328825, 0.003320971860789046, 0.003868620248609024, 0.013821458120276197, 0.0009530990571178362, 0.0016286718345088931, 0.0009010032522811249, 0.19002505537310632, 0.0006545612001861541, 0.000992602650087038, 0.00033771258143043244, 0.0005629633512278224, 0.0018512583605805734, 0.0005629633512278224, 0.0014648403224362596, 0.0041934069081084255], [0.06516170924462746, 0.07113143532832882, 0.06067203153238131, 8.857560185228406e-05, 8.857560185228406e-05, 5.904575344491397e-05, 8.857560185228406e-05, 8.857560185228406e-05, 8.857560185228406e-05, 8.857560185228406e-05, 0.006251431985469135, 0.0034806454949134987, 7.363164007602776e-05, 0.0016603677014846168, 0.00468164652104674, 0.559701000782273, 0.558053208103896, 0.5542476274369184, 0.15121709578485829, 0.05333036689429222, 0.0001476492493652232, 0.09204699307235825, 0.15308363245476006, 9.716029862933485e-05, 8.857560185228406e-05, 0.0005024823710571511, 0.0005320821199643024, 0.0004906103086800173, 0.01906343017954416, 5.904575344491397e-05, 0.0004906103086800173, 0.0007125505196856419, 0.0005791206703874831, 0.00013832245098697289, 0.00017719305140698354, 0.00011610743012534359, 0.011186436284836296, 0.011186436284836296, 0.00125893890492548, 0.0003249819031979606, 0.00020674150759238227, 0.08932571495769187, 0.15390158623164546, 8.857560185228406e-05, 0.00246921389181201, 0.00044329688279439995, 0.000295414815723015, 0.006192485854741861, 0.00334525180037747, 3.3925286426739536e-05, 5.904575344491397e-05, 0.013244010802748504, 8.982173253634526e-05, 0.0037210064840519216, 0.0049183864261419475, 0.0008516782046562574, 0.012500118508840238, 8.857560185228406e-05, 0.0006511057088796419, 0.00592512723397047, 0.010954579466174357, 0.00011811010000367971, 0.00012089519169587635, 0.001345604434662258, 0.0001476492493652232, 0.0037320105641333373, 7.084660745834222e-06, 0.010034222243545785, 0.0017571505181510354, 0.010200971878597224, 6.113331240316849e-05, 0.0010272083280305757, 5.904575344491397e-05, 0.004206751052459995, 5.904575344491397e-05, 0.013188243446380851, 0.001345604434662258, 0.0037320105641333373, 0.00017719305140698384, 0.008884554622767323, 0.0012640894886207664, 0.010082200676174513, 0.00667488218091628, 4.520988987265714e-05, 0.00023629461939394985, 0.031883899380229216, 0.0005320821199642943, 0.00011798240261412353, 8.857560185228406e-05, 0.0001476492493652232, 0.0002526141957069886, 0.0001476492493652232, 0.00038413006410592196, 0.00261242024152603], [0.06507015730397185, 0.07101759467815541, 0.060564441604133636, 8.868265357529073e-05, 8.868265357529073e-05, 5.911711524330247e-05, 8.868265357529073e-05, 8.868265357529073e-05, 8.868265357529073e-05, 8.868265357529073e-05, 0.0062979161205519805, 0.0034468801469085364, 7.350928927110526e-05, 0.0016572147252881069, 0.004735552286943907, 0.558053208103896, 0.560102868327867, 0.5562968103456081, 0.15094292184351815, 0.05320845670245565, 0.00014782769901085818, 0.0919156827115171, 0.1528525848032045, 9.745757670876822e-05, 8.868265357529073e-05, 0.0005030897149415378, 0.0005327252443150331, 0.0004904431474465573, 0.018933379567143596, 5.911711524330247e-05, 0.0004904431474465573, 0.0007169527899995861, 0.0005790605969967826, 0.00013836951967236536, 0.00017740720904474018, 0.00011597595881638135, 0.011089529291850565, 0.011089529291850565, 0.0012575491605768814, 0.0003253746912806012, 0.00020699137925958208, 0.08919739636611085, 0.1536494618821672, 8.868265357529073e-05, 0.0024411267388118594, 0.0004438326839058034, 0.00029577186565262896, 0.006147973151522293, 0.0033606172513191714, 3.3188684443011126e-05, 5.911711524330247e-05, 0.013220187572506294, 8.990452731281995e-05, 0.0036800017287746383, 0.004930298266365723, 0.0008430170983502614, 0.012442830139751773, 8.868265357529073e-05, 0.0007110933857219923, 0.005837103744719296, 0.010914059258567772, 0.00011825284767746879, 0.00012146728856395254, 0.001370396400544207, 0.00014782769901085818, 0.003741624188545687, 3.9428838082403534e-05, 0.010046372959817033, 0.0017562304861998615, 0.010225733302548414, 6.253364997652043e-05, 0.0010413118296920718, 5.911711524330247e-05, 0.004243250059107403, 5.911711524330247e-05, 0.013260152765883673, 0.001370396400544207, 0.003741624188545687, 0.00017740720904473956, 0.008859356261160401, 0.001260288361551004, 0.010053184094557518, 0.006648216632978719, 4.508753906772714e-05, 0.00023658021111601688, 0.03193635484780429, 0.0005327252443150318, 0.00011775495899958078, 8.868265357529073e-05, 0.00014782769901085818, 0.0002531619794281335, 0.00014782769901085818, 0.0003845943466197406, 0.0025997628441797047], [0.06492896622279465, 0.07088072010548319, 0.060451953661145266, 8.846856818458783e-05, 8.846856818458783e-05, 5.897440368349254e-05, 8.846856818458783e-05, 8.846856818458783e-05, 8.846856818458783e-05, 8.846856818458783e-05, 0.006229176210512796, 0.0035146156250595354, 7.37555244066969e-05, 0.0016635303916974638, 0.0047175864006332715, 0.5542476274369184, 0.5562968103456081, 0.559298859041775, 0.1502643073054539, 0.0530919291437778, 0.00014747082981779206, 0.09166085236452691, 0.15204092610313835, 9.686338021433191e-05, 8.846856818458783e-05, 0.0005018751297066479, 0.0005314391042010127, 0.0004907777511637066, 0.018947107316921192, 5.897440368349254e-05, 0.0004907777511637066, 0.0007081626640007134, 0.0005791810430847436, 0.00013827569969072036, 0.00017697892988727476, 0.00011623918869783325, 0.011122157196232161, 0.011122157196232161, 0.0012603305947983844, 0.00032458918139425814, 0.00020649167807642996, 0.08894375986895858, 0.15288434615598717, 8.846856818458783e-05, 0.0023422172356951415, 0.00044276117213024464, 0.00029505782604534626, 0.00615996535263250